143	183
5	195
15	30
203	214
122	204
51	200
3	11
144	211
74	239
59	145
103	104
55	197
45	47
49	52
10	26
67	71
0	28
205	237
104	111
33	53
76	237
46	203
206	222
48	136
234	239
105	235
147	232
199	213
75	88
165	167
94	102
155	159
103	176
31	151
186	191
10	67
190	219
29	71
85	193
56	57
8	11
13	151
64	145
97	200
36	61
79	238
186	224
120	211
12	41
162	170
99	102
51	203
75	241
37	53
38	43
16	30
74	236
45	46
182	201
8	15
25	179
92	218
24	100
67	70
205	236
229	230
91	205
33	52
62	139
8	195
64	72
46	200
234	236
163	168
1	5
6	48
194	210
15	32
5	26
62	69
18	151
132	147
165	166
80	89
94	103
140	202
220	222
31	39
36	136
125	155
110	160
57	133
52	136
213	221
177	192
83	234
183	204
215	223
92	138
143	177
33	47
124	223
76	90
148	188
95	108
64	109
122	124
16	31
2	94
103	106
215	227
149	209
77	79
162	207
39	151
39	100
33	203
80	234
171	197
17	27
37	40
11	30
234	237
124	144
5	25
137	145
18	39
75	90
236	239
47	54
23	41
55	158
59	219
59	72
102	110
159	172
68	72
138	237
158	232
190	217
204	211
142	216
146	231
196	233
202	222
121	192
154	174
130	215
83	237
152	161
78	82
7	195
134	194
33	46
218	226
15	27
76	91
140	170
37	51
117	118
211	241
140	147
74	234
21	195
120	130
159	181
7	150
196	221
205	234
142	144
17	26
155	180
70	195
36	119
36	198
83	165
92	220
148	222
58	207
30	41
143	232
160	223
199	214
132	157
99	160
94	101
118	127
47	49
40	48
12	29
126	135
34	100
102	111
68	171
78	230
24	151
56	60
85	191
8	14
3	19
140	232
93	136
26	195
16	53
59	137
152	162
78	83
58	135
105	160
158	197
63	72
33	45
100	195
95	110
3	15
46	179
144	215
12	86
16	17
201	228
95	102
159	180
183	210
111	146
62	63
164	175
17	24
2	32
128	131
172	180
90	204
170	183
209	223
184	214
8	19
47	48
23	43
97	160
117	222
12	30
201	211
130	241
31	32
0	41
133	182
19	179
204	205
85	190
154	172
177	197
83	239
96	98
152	163
215	216
162	166
91	229
147	183
9	11
160	169
85	225
89	230
113	169
95	105
3	14
140	141
16	18
36	93
228	236
163	176
1	61
148	171
9	214
194	202
33	200
156	178
122	237
112	154
164	168
50	51
177	188
82	130
11	19
163	172
152	155
12	35
185	198
208	225
57	109
5	6
66	135
18	34
65	69
96	110
98	118
26	28
12	31
102	146
49	119
187	225
78	228
34	86
205	223
39	41
32	39
213	217
198	224
60	66
46	119
68	137
162	167
87	227
91	228
147	182
15	100
95	104
37	48
155	173
101	103
192	197
22	25
117	149
201	234
72	232
148	197
129	144
33	184
133	141
137	202
40	200
13	43
36	193
163	175
92	223
90	202
53	119
14	15
94	104
64	139
105	231
37	200
74	79
130	207
35	86
48	219
78	122
143	201
104	173
124	176
66	121
85	203
204	207
133	197
99	112
47	97
108	160
103	125
16	71
130	211
35	114
21	28
152	165
116	158
30	100
114	173
143	188
89	228
95	107
122	215
41	43
155	172
140	143
16	20
99	113
59	116
163	178
58	68
196	217
63	139
138	222
209	227
138	161
33	93
76	228
127	207
55	177
82	241
210	220
152	157
128	134
176	178
184	217
84	199
74	76
40	52
21	150
78	234
125	149
20	39
6	22
39	43
85	187
75	125
98	169
84	219
106	160
92	204
183	202
115	176
54	93
1	71
111	122
158	201
90	131
57	58
111	235
56	109
76	80
132	194
15	151
99	111
122	212
112	113
155	175
79	90
201	232
13	21
182	192
49	189
159	176
58	69
96	240
72	121
138	223
157	209
0	20
124	138
76	229
131	132
13	41
207	215
141	197
135	137
187	198
68	82
172	176
185	203
228	239
161	178
162	237
134	143
75	80
127	226
35	41
129	222
20	32
158	210
9	19
160	240
95	113
99	114
75	205
179	200
77	89
154	168
130	209
16	200
183	197
21	26
34	151
0	9
89	234
204	237
42	208
32	70
131	171
155	174
107	169
26	32
12	34
163	180
58	66
45	200
148	183
149	218
138	220
0	21
110	240
205	228
229	238
80	82
104	231
75	149
2	61
82	239
187	217
152	159
176	180
6	40
228	232
80	205
128	158
18	30
14	18
98	114
3	61
141	232
82	211
186	213
59	65
115	214
7	71
58	237
147	158
143	202
57	141
132	232
133	177
66	116
95	112
13	31
73	221
2	195
121	201
16	43
74	241
96	103
59	109
152	168
92	130
158	188
76	82
80	149
127	212
155	161
16	23
22	29
31	86
95	97
193	208
131	134
27	41
50	93
108	235
74	87
64	65
173	178
177	183
103	134
13	16
135	139
11	22
81	93
172	178
0	67
161	176
52	189
15	43
9	70
18	31
75	82
165	173
98	115
107	112
74	75
93	189
117	216
12	20
59	64
157	230
110	169
190	193
67	150
217	225
131	177
131	222
144	226
130	175
45	81
7	21
196	225
105	169
0	11
52	198
156	164
76	83
193	203
108	113
117	144
148	194
68	121
149	216
138	218
157	174
33	81
87	130
80	227
33	179
184	193
32	100
55	170
64	66
46	214
177	182
106	231
1	19
228	234
201	237
191	196
184	221
132	133
62	194
14	16
165	172
98	112
23	32
46	93
55	145
102	103
31	41
0	32
104	146
133	192
17	32
144	227
174	178
120	222
129	142
78	91
147	188
133	147
89	239
18	100
75	234
95	231
179	184
108	114
144	176
117	125
209	230
80	157
194	197
109	137
94	231
193	214
198	208
93	200
173	176
121	135
50	189
82	234
105	114
54	136
6	47
191	199
28	70
23	35
157	234
2	28
59	66
106	107
6	11
123	145
203	217
4	195
13	28
23	71
92	127
120	223
80	209
33	36
238	239
171	210
85	233
89	238
166	181
99	146
122	209
108	115
155	162
55	171
182	197
45	179
230	241
72	126
149	230
157	172
67	195
143	158
80	229
104	235
62	183
112	146
74	82
126	145
130	226
130	149
172	173
0	70
5	14
28	71
216	223
95	169
118	218
23	34
59	69
7	67
200	203
125	175
190	196
57	145
213	225
3	29
211	222
154	181
174	176
92	120
47	219
152	172
52	193
56	132
76	78
89	237
204	234
51	214
75	236
17	43
60	126
97	231
69	137
55	72
115	146
128	177
58	62
80	87
80	230
184	196
223	237
227	230
109	135
17	23
108	231
97	146
231	235
69	109
197	201
68	201
92	215
96	146
68	88
172	174
0	71
161	180
57	116
66	109
14	100
8	29
122	167
14	23
41	100
13	71
25	29
82	204
68	158
1	195
48	49
78	237
9	21
119	214
123	147
213	224
131	194
13	26
141	182
16	32
154	178
152	173
58	138
190	225
29	61
56	116
76	79
132	201
8	70
155	164
95	111
1	11
105	111
58	63
161	175
111	167
170	198
42	190
165	180
98	104
23	24
74	80
22	67
55	137
97	115
55	62
106	114
68	202
87	205
90	211
237	241
160	235
204	220
133	232
18	24
14	20
118	216
178	180
212	218
153	157
82	205
48	50
129	215
125	173
42	84
75	117
73	199
36	44
26	70
221	233
92	122
220	223
183	194
120	226
57	66
156	161
132	202
42	219
166	168
122	220
177	210
155	167
64	123
18	25
21	71
149	227
42	191
207	223
117	206
97	114
82	230
55	57
106	115
44	189
24	32
101	111
5	11
160	236
113	157
153	156
103	160
103	110
214	221
53	81
42	85
193	225
131	183
41	70
13	24
25	61
127	142
23	67
16	34
26	71
154	176
219	233
58	136
78	207
0	1
134	188
91	241
133	158
14	34
131	147
108	111
155	166
60	121
197	210
55	69
21	70
161	173
29	31
19	25
122	142
109	132
198	213
23	26
13	32
114	152
114	235
33	119
237	239
204	222
122	162
127	149
73	186
16	86
79	229
82	90
44	49
101	160
48	52
20	41
143	210
15	20
85	208
94	160
17	67
13	23
211	226
23	179
16	35
36	46
59	135
36	189
20	94
58	137
105	146
90	230
0	2
114	160
156	163
89	241
14	35
122	218
46	189
55	68
230	234
92	207
54	55
77	238
34	35
157	167
161	172
170	197
167	176
223	227
184	200
89	205
65	116
47	189
37	119
121	137
82	228
55	59
163	202
24	34
90	222
123	139
56	64
5	9
81	136
204	223
132	140
118	223
47	81
13	67
50	200
79	228
82	91
44	50
48	53
63	69
9	25
191	225
133	201
8	61
144	218
96	112
128	170
78	162
0	3
114	161
147	197
63	121
53	179
166	175
127	223
64	126
45	189
73	224
69	116
97	107
169	240
99	115
159	165
129	227
58	59
11	195
27	32
198	203
198	233
22	71
186	199
102	115
20	23
56	210
56	65
5	8
52	53
32	41
118	220
188	232
73	184
36	52
12	13
48	54
20	43
211	228
141	177
120	144
73	84
103	112
31	100
92	118
24	27
0	4
87	241
131	148
37	179
60	116
20	30
72	135
115	235
159	164
21	67
30	34
6	59
161	162
5	19
100	151
199	221
132	170
184	185
188	197
194	222
102	112
58	109
57	126
119	200
15	61
56	66
52	54
213	214
96	115
17	100
46	136
50	119
177	201
125	168
53	93
15	17
42	224
13	20
144	220
74	228
26	67
55	204
92	230
30	86
0	5
134	176
63	123
57	182
171	202
132	183
65	109
40	219
46	51
12	71
97	105
55	65
159	167
30	35
167	173
184	203
184	186
122	138
144	149
74	90
207	218
83	89
122	144
48	189
96	169
0	94
114	231
119	203
62	121
133	210
32	43
12	15
130	222
186	217
115	162
120	204
87	239
147	170
29	195
203	208
42	225
122	194
3	5
207	237
13	100
192	201
16	39
2	70
106	146
45	53
49	50
59	121
116	126
57	68
171	188
104	105
33	51
5	61
119	179
136	179
14	39
118	235
75	228
88	89
60	135
46	48
97	104
103	231
72	137
182	210
55	64
230	238
159	166
78	89
191	213
62	66
132	148
42	185
47	200
98	240
98	99
74	91
83	88
12	100
102	231
88	241
24	38
101	105
56	68
118	211
47	93
154	166
130	223
82	87
128	194
20	71
125	166
158	220
165	228
131	202
13	18
144	222
16	24
130	163
120	122
196	213
63	135
147	201
104	106
33	50
124	228
132	177
4	26
88	90
37	47
164	166
168	176
46	49
97	111
197	220
49	93
11	25
1	3
68	109
157	162
209	211
167	175
113	234
89	91
74	88
97	169
188	192
83	91
106	235
149	159
24	39
114	146
101	104
138	226
56	69
85	198
142	209
108	173
60	63
36	48
69	72
130	220
83	228
96	105
21	23
80	228
91	234
111	231
9	179
9	28
15	18
131	188
99	240
13	17
103	108
55	126
20	100
24	31
205	241
51	179
193	198
37	93
37	46
88	202
112	240
97	110
153	172
103	144
128	139
138	207
161	166
53	97
9	203
167	174
62	64
65	78
236	241
27	39
159	173
115	203
10	71
123	126
98	146
37	50
107	110
36	49
115	167
125	164
162	174
111	113
143	170
91	237
104	112
5	198
57	64
108	146
60	109
13	97
16	26
221	224
55	121
116	121
68	228
92	226
7	11
170	232
104	108
33	48
56	126
98	235
61	70
88	92
198	225
37	45
168	178
2	41
154	156
159	163
163	164
161	165
14	151
168	174
154	240
149	157
81	200
125	159
19	61
9	119
85	196
142	215
36	50
83	230
48	93
11	35
72	83
125	163
162	175
63	66
104	113
136	189
66	68
99	101
51	119
13	15
3	9
211	234
177	232
72	145
1	8
92	227
68	116
196	208
20	102
10	28
0	26
205	239
92	129
147	202
42	193
4	5
17	39
37	189
22	195
46	52
154	157
103	146
88	237
101	113
141	147
161	164
110	112
5	29
155	157
83	205
208	214
6	25
190	213
114	115
8	9
146	235
118	215
202	210
131	210
154	162
96	108
82	83
72	197
6	219
10	150
158	177
125	162
87	234
147	177
53	200
95	99
122	207
3	8
141	170
157	227
16	28
48	235
149	212
205	238
76	236
171	192
156	180
146	160
166	167
175	204
155	176
88	205
46	53
97	99
16	151
49	81
11	29
234	238
148	210
77	229
209	215
0	150
223	240
191	208
75	89
47	53
16	100
102	107
72	170
148	192
58	116
78	115
81	189
24	43
125	157
20	31
0	195
147	148
66	126
160	231
28	38
66	145
108	169
154	163
177	194
79	239
154	210
83	232
162	173
111	114
